
[ 5.  5.  5.  5.  5.  5.  5.  5.  5.  5.  5.  3.  3.  3.  3.  3.  3.  3.
  3.  3.  3.  3.  3.  3.  3.  3.  3.  3.  3.  3.  3.  4.  4.  4.  4.  4.
  4.  4.  4.  4.  4.  4.  4.  4.  4.  4.  4.  4.  4.  4.  4.  4.  4.  4.
  4.  4.  2.  2.  2.  2.  2.  2.  2.  2.  2.  2.  3.  3.  3.  3.  3.  3.
  3.  3.  3.  3.  1.  1.  1.  1.  1.  1.  1.  1.  1.  1.  1.  1.  4.  4.
  4.  4.  4.  4.  1.  1.  1.  1.  1.  1.  1.  1.  1.  1.  1.  1.  1.  1.
  1.  1.  1.  1.  1.  1.  1.  1.  1.  1.  1.  1.  1.  1.  1.  1.  1.  1.
  1.  1.  1.  1.  1.  1.  1.  1.  2.  2.  2.  2.  2.  2.  2.  2.  2.  2.
  2.  2.  2.  2.  2.  2.  2.  2.  2.  2.  3.  3.  3.  3.  3.  3.  3.  3.
  3.  3.  3.  3.  3.  3.  3.  3.  3.  3.  3.  3.  4.  4.  4.  4.  4.  4.
  4.  4.  4.  4.  4.  4.  4.  4.  4.  4.  4.  4.  4.  4.  2.  2.  2.  2.
  2.  2.  2.  2.  2.  2.  2.  2.  2.  2.  2.  2.  2.  2.  2.  2.  3.  3.
  3.  3.  3.  3.  3.  3.  3.  3.  3.  3.  3.  3.  3.  3.  3.  3.  3.  3.
  4.  4.  4.  4.  4.  4.  4.  4.  4.  4.  4.  4.  4.  4.  4.  4.  4.  4.
  4.  4.  3.  3.  3.  3.  3.  3.  3.  3.  3.  3.  3.  3.  3.  3.  3.  3.
  3.  3.  3.  3.  3.  4.  4.  4.  4.  4.  4.  4.  4.  4.  4.  4.  4.  4.
  4.  4.  4.  4.  4.  4.  4.  2.  2.  2.  2.  2.  2.  2.  2.  2.  2.  2.
  2.  2.  2.  2.  2.  2.  2.  2.  2.  2.  2.  2.  2.  2.  2.  2.  2.  2.
  2.  2.  2.  2.  2.  2.  2.  2.  2.  2.  2.  2.  2.  2.  2.  2.  2.  2.
  2.  2.  2.  2.  2.  2.  2.  2.  2.  2.  2.  2.  2.  2.  2.  2.  2.  2.
  2.  2.  2.  3.  3.  3.  3.  3.  3.  3.  3.  3.  3.  3.  3.  3.  3.  3.
  3.  3.  3.  3.  4.  4.  4.  4.  4.  4.  4.  4.  4.  4.  4.  4.  4.  4.
  4.  4.  4.  4.  4.  4.  2.  2.  2.  2.  2.  2.  2.  2.  2.  2.  2.  2.
  2.  2.  2.  2.  2.  2.  2.  2.  2.  2.  2.  2.  2.  2.  2.  2.  2.  2.
  2.  2.  2.  2.  2.  2.  2.  2.  2.  2.  4.  4.  4.  4.  4.  4.  4.  4.
  4.  4.  4.  4.  4.  4.  4.  4.  4.  4.  4.  4.  2.  3.  3.  3.  3.  3.
  3.  3.  3.  3.  3.  3.  3.  3.  3.  3.  3.  3.  3.  3.  3.  2.  2.  2.
  2.  2.  2.  2.  2.  2.  2.  4.  4.  4.  4.  4.  4.  4.  1.  1.  1.  1.
  1.  1.  1.  1.  1.  1.  1.  1.  1.  1.  1.  1.  1.  1.  1.  1.  2.  2.
  2.  2.  2.  2.  2.  2.  2.  2.  3.  3.  3.  3.  3.  3.  3.  3.  3.  3.
  3.  3.  3.  3.  3.  3.  3.  3.  3.  3.  3.  3.  3.  3.  3.  3.  3.  3.
  3.  3.  3.  3.  3.  3.  3.  3.  3.  3.  3.  3.  3.  3.  3.  5.  5.  5.
  5.  5.  5.  5.  5.  5.  5.  5.  5.  5.  5.  5.  5.  5.  5.  5.  5.  5.
  5.  5.  5.  5.  5.  5.  1.  1.  1.  1.  1.  1.  1.  1.  1.  1.  1.  1.
  1.  1.  1.  1.  1.  1.  1.  1.  1.  3.  3.  3.  3.  3.  3.  3.  3.  3.
  3.  3.  3.  3.  3.  3.  3.  3.  3.  3.  3.  3.  3.  3.  3.  3.  3.  3.
  3.  3.  3.  3.  3.  3.  3.  3.  3.  3.  3.  3.  3.  3.  1.  1.  1.  1.
  1.  1.  1.  1.  1.  1.  1.  1.  1.  1.  1.  1.  1.  1.  1.  1.  4.  4.
  4.  4.  4.  4.  4.  4.  4.  4.  3.  3.  3.  3.  3.  3.  3.  3.  3.  3.
  3.  3.  3.  3.  3.  3.  3.  3.  3.  3.  3.  3.  3.  3.  3.  3.  3.  3.
  3.  3.  3.  3.  3.  3.  3.  3.  3.  3.  1.  1.  1.  1.  1.  1.  1.  1.
  1.  1.]
(740, 27)
size of test data
(240,) (240,)
No Cross Validation Accuracy is
0.4125
Best parameters
2.97635144163 0.0784759970351
Size of test Data
(240,) (240,) 240
Train Data Distribution according to classes are
[ 0.166  0.     0.     0.     0.     0.242  0.     0.     0.     0.     0.33
  0.     0.     0.     0.     0.21   0.     0.     0.     0.052] 1.0
Test Data distribution according to classes are
[ 0.16666667  0.          0.          0.          0.          0.24166667
  0.          0.          0.          0.          0.3625      0.          0.
  0.          0.          0.17916667  0.          0.          0.          0.05      ] 1.0
Accuracy with Cross Validation is: 
0.504166666667
size of test data
(240,) (240,)
No Cross Validation Accuracy is
0.45
Best parameters
2.97635144163 0.0784759970351
Size of test Data
(240,) (240,) 240
Train Data Distribution according to classes are
[ 0.168  0.     0.     0.     0.     0.23   0.     0.     0.     0.     0.34
  0.     0.     0.     0.     0.208  0.     0.     0.     0.054] 1.0
Test Data distribution according to classes are
[ 0.1625      0.          0.          0.          0.          0.26666667
  0.          0.          0.          0.          0.34166667  0.          0.
  0.          0.          0.18333333  0.          0.          0.
  0.04583333] 1.0
Accuracy with Cross Validation is: 
0.508333333333
size of test data
(240,) (240,)
No Cross Validation Accuracy is
0.391666666667
Best parameters
2.97635144163 0.0784759970351
Size of test Data
(240,) (240,) 240
Train Data Distribution according to classes are
[ 0.162  0.     0.     0.     0.     0.256  0.     0.     0.     0.     0.352
  0.     0.     0.     0.     0.186  0.     0.     0.     0.044] 1.0
Test Data distribution according to classes are
[ 0.175       0.          0.          0.          0.          0.2125      0.
  0.          0.          0.          0.31666667  0.          0.          0.
  0.          0.22916667  0.          0.          0.          0.06666667] 1.0
Accuracy with Cross Validation is: 
0.441666666667
size of test data
(240,) (240,)
No Cross Validation Accuracy is
0.391666666667
Best parameters
1.62377673919 0.0784759970351
Size of test Data
(240,) (240,) 240
Train Data Distribution according to classes are
[ 0.19   0.     0.     0.     0.     0.22   0.     0.     0.     0.     0.338
  0.     0.     0.     0.     0.202  0.     0.     0.     0.05 ] 1.0
Test Data distribution according to classes are
[ 0.11666667  0.          0.          0.          0.          0.2875      0.
  0.          0.          0.          0.34583333  0.          0.          0.
  0.          0.19583333  0.          0.          0.          0.05416667] 1.0
Accuracy with Cross Validation is: 
0.404166666667
size of test data
(240,) (240,)
No Cross Validation Accuracy is
0.4625
Best parameters
1.62377673919 0.162377673919
Size of test Data
(240,) (240,) 240
Train Data Distribution according to classes are
[ 0.166  0.     0.     0.     0.     0.238  0.     0.     0.     0.     0.338
  0.     0.     0.     0.     0.204  0.     0.     0.     0.054] 1.0
Test Data distribution according to classes are
[ 0.16666667  0.          0.          0.          0.          0.25        0.
  0.          0.          0.          0.34583333  0.          0.          0.
  0.          0.19166667  0.          0.          0.          0.04583333] 1.0
Accuracy with Cross Validation is: 
0.4875
Average accuracy is: 0.469166666667

